base numbers

numbers[0] = +4.386057508463931972473302548480000000e+29
numbers[1] = +4.372915764571954865670518210560000000e+29
numbers[2] = -7.917111341983136461505347584209715200e+36
numbers[3] = -8.745831527692174391458157035520000000e+29
numbers[4] = -1.204879737800000000000000000000000000e+10
numbers[5] = +7.917111340668962079495381909214593024e+36
numbers[6] = +1.172603940053178694924440605973359197e+00


power 2 shifts

shifts[0] = +3.169126500570573503741758013440000000e+29
shifts[1] = +3.169126500570573503741758013440000000e+29
shifts[2] = +5.316911983139663491615228241121378304e+36
shifts[3] = +6.338253001141147007483516026880000000e+29
shifts[4] = +8.589934592000000000000000000000000000e+09
shifts[5] = +5.316911983139663491615228241121378304e+36
shifts[6] = +1.000000000000000000000000000000000000e+00

max shift = +5.316911983139663491615228241121378304e+36


adjusted shifts

shifts[0] = +5.960464477539062500000000000000000000e-08
shifts[1] = +5.960464477539062500000000000000000000e-08
shifts[2] = +1.000000000000000000000000000000000000e+00
shifts[3] = +1.192092895507812500000000000000000000e-07
shifts[4] = +1.615587133892632177483220101699146198e-27
shifts[5] = +1.000000000000000000000000000000000000e+00
shifts[6] = +1.880790961315660012749978459555593085e-37


Output

output = +4.386057508463931972473302548480000000e+29
output = +8.758973273035886838143820759040000000e+29
output = -7.917110466085808730688033143883038720e+36
output = -7.917111340668962079495381909214593024e+36
output = -7.917111340668962079495381909214593024e+36
output = +0.000000000000000000000000000000000000e+00
output = +1.172603940053178694924440605973359197e+00
